,first_dice,second_dice
0,3,1
1,2,6
2,3,1
3,3,3
4,5,6
5,3,4
6,1,6
7,1,4
8,4,5
9,4,6
10,5,2
11,1,4
12,1,6
13,3,2
14,4,1
15,3,1
16,4,4
17,2,5
18,6,3
19,3,5
20,2,2
21,5,5
22,4,4
23,2,2
24,2,6
25,3,6
26,1,3
27,1,2
28,4,6
29,4,1
30,4,4
31,5,4
32,5,2
33,4,4
34,1,1
35,1,3
36,4,1
37,5,6
38,6,4
39,4,5
40,3,6
41,1,4
42,1,3
43,4,6
44,5,1
45,3,1
46,4,3
47,4,5
48,1,6
49,5,6
50,2,3
51,4,4
52,6,3
53,4,1
54,4,2
55,2,3
56,2,6
57,4,2
58,1,4
59,2,1
60,6,5
61,3,2
62,5,1
63,1,4
64,1,1
65,2,1
66,5,6
67,3,1
68,4,4
69,2,5
70,3,3
71,5,6
72,4,2
73,6,5
74,2,4
75,2,2
76,1,6
77,1,3
78,2,4
79,3,6
